0,-733
1,-807
2,639
3,704
4,-314
5,146
6,-745
7,632
8,275
9,-456
10,857
11,237
12,-386
13,-328
14,832
15,-282
16,-195
17,481
18,-99
19,51
20,-307
21,361
22,-653
23,-411
24,715
25,876
26,-180
27,874
28,-986
29,985
30,481
31,-766
32,304
33,300
34,429
35,-49
36,-541
37,433
38,-751
39,-854
40,376
41,651
42,599
43,-219
44,147
45,714
46,374
47,-154
48,-769
49,570
50,255
51,-155
52,-314
53,261
54,679
55,-177
56,-4
57,275
58,927
59,-857
60,-558
61,492
62,447
63,-945
64,-60
65,-853
66,456
67,-278
68,149
69,172
70,403
71,-333
72,449
73,-295
74,-146
75,277
76,921
77,447
78,-196
79,-178
80,108
81,748
82,136
83,116
84,62
85,-197
86,-695
87,-800
88,-99
89,-767
90,24
91,281
92,-393
93,-471
94,175
95,-422
96,582
97,249
98,-818
99,97
100,-57
101,987
102,561
103,-5
104,832
105,432
106,-125
107,-499
108,-368
109,171
110,857
111,-200
112,-233
113,381
114,286
115,-415
116,-539
117,261
118,-346
119,837
120,456
121,13
122,-969
123,171
124,739
125,-435
126,531
127,272
128,620
129,-244
130,273
131,191
132,528
133,-749
134,-93
135,-3
136,-488
137,-466
138,-197
139,69
140,-701
141,541
142,269
143,-273
144,-159
145,-568
146,418
147,-689
148,-894
149,-53
150,-79
151,-96
152,393
153,-873
154,906
155,-718
156,422
157,224
158,515
159,-972
160,-932
161,895
162,-603
163,341
164,-471
165,197
166,483
167,411
168,-620
169,319
170,-984
171,-508
172,-193
173,-174
174,-564
175,259
176,877
177,-907
178,-442
179,-20
180,157
181,155
182,-545
183,727
184,-569
185,317
186,-556
187,736
188,-646
189,254
190,717
191,-472
192,335
193,941
194,-510
195,-880
196,140
197,-747
198,655
199,993
200,-127
201,-891
202,-906
203,-178
204,-188
205,-534
206,-578
207,797
208,-97
209,-516
210,-127
211,387
212,-828
213,782
214,442
215,206
216,-104
217,201
218,25
219,842
220,134
221,796
222,754
223,-847
224,-167
225,-16
226,-125
227,-665
228,-268
229,954
230,482
231,-940
232,569
233,677
234,47
235,-3
236,638
237,635
238,-600
239,724
240,-426
241,396
242,339
243,843
244,-346
245,316
246,-809
247,-88
248,465
249,606
250,-893
251,352
252,-908
253,-377
254,-300
255,403
256,190
257,299
258,-997
259,-678
260,-248
261,542
262,-809
263,-943
264,874
265,543
266,-660
267,739
268,-285
269,-4
270,-823
271,571
272,327
273,-681
274,-769
275,31
276,-96
277,170
278,196
279,-509
280,-725
281,995
282,-740
283,-90
284,169
285,-403
286,-815
287,857
288,-147
289,907
290,251
291,406
292,-859
293,-436
294,-63
295,-370
296,790
297,-534
298,808
299,-504
300,-818
301,676
302,-192
303,364
304,369
305,811
306,-818
307,-930
308,-741
309,-188
310,239
311,9
312,-858
313,-965
314,286
315,389
316,465
317,-63
318,781
319,564
320,197
321,574
322,975
323,820
324,-598
325,402
326,641
327,-228
328,-367
329,-377
330,374
331,-50
332,22
333,-271
334,101
335,540
336,488
337,285
338,278
339,196
340,587
341,-561
342,-927
343,-252
344,842
345,831
346,459
347,-536
348,-235
349,424
350,-898
351,-664
352,982
353,-128
354,294
355,727
356,198
357,-962
358,643
359,-644
360,-958
361,761
362,-514
363,157
364,14
365,-716
366,997
367,288
368,2
369,-317
370,856
371,-333
372,-912
373,781
374,-616
375,475
376,-224
377,812
378,475
379,-503
380,540
381,772
382,398
383,-135
384,51
385,-817
386,-446
387,769
388,830
389,277
390,6
391,344
392,366
393,135
394,740
395,-590
396,859
397,-258
398,453
399,921
400,203
401,-878
402,-550
403,6
404,-446
405,806
406,873
407,645
408,67
409,487
410,199
411,720
412,-876
413,-482
414,820
415,-78
416,-919
417,33
418,-200
419,724
420,796
421,-634
422,174
423,-687
424,-66
425,97
426,-375
427,492
428,-168
429,144
430,-689
431,207
432,-496
433,598
434,514
435,32
436,214
437,-176
438,193
439,-860
440,-428
441,790
442,906
443,131
444,160
445,740
446,-34
447,960
448,-560
449,-110
450,-619
451,782
452,-461
453,-896
454,-383
455,-391
456,100
457,221
458,-735
459,604
460,-266
461,513
462,689
463,638
464,-136
465,-202
466,725
467,-879
468,269
469,-656
470,-683
471,488
472,-843
473,-703
474,-899
475,269
476,-38
477,462
478,-381
479,921
480,757
481,-730
482,298
483,-249
484,-42
485,428
486,-771
487,72
488,128
489,320
490,-466
491,337
492,-443
493,682
494,870
495,21
496,844
497,428
498,751
499,120
500,-440
501,991
502,864
503,-986
504,-932
505,575
506,-417
507,-132
508,-232
509,-809
510,-415
511,-898
512,-442
513,120
514,-945
515,-602
516,-545
517,-377
518,123
519,-621
520,-704
521,404
522,240
523,-356
524,-681
525,-755
526,-964
527,602
528,915
529,153
530,-697
531,47
532,-433
533,437
534,0
535,-649
536,496
537,8
538,-890
539,496
540,-183
541,974
542,332
543,470
544,-948
545,219
546,788
547,-95
548,706
549,138
550,-22
551,-803
552,-262
553,-778
554,-738
555,811
556,940
557,543
558,-643
559,971
560,-602
561,180
562,-760
563,-36
564,334
565,-140
566,-774
567,-871
568,873
569,-511
570,-113
571,822
572,-275
573,852
574,662
575,790
576,-521
577,-129
578,-724
579,736
580,-393
581,340
582,-207
583,524
584,-111
585,-788
586,-667
587,999
588,-27
589,-881
590,298
591,-469
592,424
593,760
594,314
595,-771
596,379
597,829
598,147
599,907
600,880
601,-105
602,-783
603,-425
604,-244
605,-957
606,-376
607,-486
608,807
609,-211
610,-268
611,232
612,186
613,385
614,-156
615,835
616,-366
617,-747
618,407
619,901
620,843
621,309
622,-932
623,-678
624,-152
625,821
626,505
627,-685
628,858
629,36
630,179
631,-939
632,-176
633,-130
634,-493
635,468
636,413
637,-169
638,22
639,-427
640,-757
641,-304
642,-979
643,915
644,778
645,916
646,-521
647,999
648,-204
649,919
650,483
651,-179
652,-820
653,-641
654,-461
655,98
656,-418
657,643
658,979
659,210
660,797
661,2
662,480
663,-403
664,-30
665,-744
666,-713
667,-373
668,191
669,-155
670,413
671,332
672,210
673,705
674,936
675,-999
676,425
677,-693
678,784
679,-708
680,-140
681,2
682,538
683,-90
684,119
685,429
686,393
687,-39
688,-40
689,209
690,861
691,-129
692,952
693,-757
694,-65
695,-423
696,-870
697,494
698,644
699,-263
700,-225
701,431
702,-610
703,78
704,-292
705,61
706,-397
707,874
708,796
709,859
710,973
711,180
712,-243
713,75
714,989
715,620
716,426
717,-598
718,-475
719,-207
720,-445
721,322
722,-846
723,-702
724,809
725,-122
726,-807
727,-563
728,-21
729,-564
730,493
731,-371
732,-995
733,-984
734,-143
735,61
736,447
737,-77
738,546
739,-558
740,969
741,-163
742,-65
743,-738
744,-547
745,-399
746,460
747,-327
748,-77
749,-769
750,635
751,-940
752,-795
753,273
754,-660
755,-826
756,-53
757,251
758,-65
759,-532
760,350
761,309
762,-67
763,991
764,-665
765,-747
766,-108
767,558
768,-619
769,-328
770,535
771,-832
772,-557
773,780
774,-252
775,-637
776,-256
777,871
778,387
779,906
780,-885
781,21
782,785
783,-141
784,172
785,-107
786,-580
787,-727
788,-680
789,664
790,-405
791,-564
792,555
793,-48
794,134
795,59
796,647
797,-280
798,140
799,-362
800,274
801,-521
802,70
803,201
804,910
805,859
806,-540
807,367
808,-98
809,-420
810,336
811,583
812,-10
813,-37
814,-532
815,-590
816,840
817,652
818,-590
819,549
820,859
821,-300
822,667
823,-506
824,825
825,-789
826,686
827,597
828,299
829,-812
830,-752
831,-716
832,-483
833,-700
834,-750
835,-462
836,233
837,837
838,-339
839,-123
840,-137
841,445
842,254
843,-143
844,-255
845,-694
846,-165
847,-391
848,652
849,-315
850,-646
851,526
852,526
853,571
854,-129
855,-582
856,154
857,371
858,-367
859,473
860,-482
861,-717
862,-846
863,880
864,-721
865,876
866,29
867,-490
868,-640
869,518
870,489
871,868
872,-976
873,-910
874,560
875,-676
876,555
877,535
878,147
879,115
880,936
881,441
882,-270
883,-820
884,100
885,-405
886,948
887,162
888,986
889,-346
890,181
891,773
892,-521
893,-325
894,95
895,-137
896,-961
897,-928
898,666
899,532
900,421
901,480
902,92
903,557
904,140
905,274
906,327
907,545
908,-385
909,-16
910,-360
911,243
912,-581
913,-611
914,-748
915,129
916,802
917,-925
918,368
919,359
920,627
921,-301
922,309
923,823
924,765
925,81
926,-542
927,-208
928,956
929,581
930,211
931,-893
932,-865
933,-926
934,81
935,-904
936,60
937,619
938,70
939,-953
940,954
941,-94
942,945
943,347
944,-860
945,570
946,15
947,499
948,458
949,-908
950,38
951,35
952,455
953,-600
954,-603
955,-844
956,-885
957,74
958,-831
959,-911
960,-920
961,-57
962,48
963,235
964,605
965,-616
966,-363
967,-321
968,595
969,38
970,19
971,572
972,-666
973,953
974,-713
975,-619
976,-471
977,603
978,-915
979,-884
980,-136
981,-134
982,269
983,-217
984,-558
985,-500
986,744
987,595
988,-849
989,323
990,-116
991,353
992,-249
993,-801
994,-157
995,500
996,-606
997,446
998,-771
999,-558